Env: CartPole-v1
Agent: DeepQLearningAgent
Settings:
	nrOfBatches = 200
	trainingsPerBatch = 10
	runsPerEvaluation = 100
	
    self.obervationSpaceShape = env.observation_space.shape[0]
    self.actionSpaceShape = env.action_space.n
    self.nnDenseLayersSettings = [[16, "relu"],
                                  [16, "relu"]]
    self.explorationRate = 0.9
    self.explorationFinalValue = 0.05
    self.explorationDiscountFactor = 0.999
    self.gamma = 0.95
    self.learningRate = 0.005
    self.bufferSize = 5000000
    self.buffer = deque(maxlen=self.bufferSize)
    self.batchSize = 20
    self.model = self.makeNeuralNet()
Final Results: [nr of training runs, average score]
[[  10   13]
 [  20   84]
 [  30   83]
 [  40  135]
 [  50  189]
 [  60  137]
 [  70  123]
 [  80  129]
 [  90  149]
 [ 100   92]
 [ 110   14]
 [ 120   13]
 [ 130  105]
 [ 140   34]
 [ 150  175]
 [ 160  107]
 [ 170  100]
 [ 180  109]
 [ 190   84]
 [ 200   41]
 [ 210  212]
 [ 220  500]
 [ 230  112]
 [ 240   88]
 [ 250   29]
 [ 260   89]
 [ 270   19]
 [ 280   21]
 [ 290   93]
 [ 300   94]
 [ 310   94]
 [ 320   96]
 [ 330   31]
 [ 340   89]
 [ 350   58]
 [ 360   25]
 [ 370   15]
 [ 380   87]
 [ 390   19]
 [ 400   19]
 [ 410   54]
 [ 420   19]
 [ 430   35]
 [ 440   16]
 [ 450   90]
 [ 460   95]
 [ 470   89]
 [ 480   92]
 [ 490   21]
 [ 500   33]
 [ 510   52]
 [ 520   19]
 [ 530   37]
 [ 540   21]
 [ 550   38]
 [ 560   90]
 [ 570   20]
 [ 580   52]
 [ 590   58]
 [ 600   22]
 [ 610   57]
 [ 620   17]
 [ 630   25]
 [ 640   20]
 [ 650   89]
 [ 660   90]
 [ 670   19]
 [ 680   16]
 [ 690   84]
 [ 700   44]
 [ 710   41]
 [ 720   82]
 [ 730   19]
 [ 740   19]
 [ 750   80]
 [ 760   65]
 [ 770   40]
 [ 780   78]
 [ 790   16]
 [ 800   32]
 [ 810   17]
 [ 820   88]
 [ 830   55]
 [ 840   84]
 [ 850   89]
 [ 860   92]
 [ 870   57]
 [ 880   18]
 [ 890   47]
 [ 900   19]
 [ 910   18]
 [ 920   70]
 [ 930   32]
 [ 940   89]
 [ 950   91]
 [ 960   31]
 [ 970   16]
 [ 980   89]
 [ 990   80]
 [1000   86]
 [1010   66]
 [1020   23]
 [1030   89]
 [1040   90]
 [1050   49]
 [1060   77]
 [1070   32]
 [1080   89]
 [1090   22]
 [1100   19]
 [1110   88]
 [1120   39]
 [1130   17]
 [1140   49]
 [1150   85]
 [1160   36]
 [1170   45]
 [1180   17]
 [1190   21]
 [1200   38]
 [1210   56]
 [1220   89]
 [1230   89]
 [1240   19]
 [1250   17]
 [1260   88]
 [1270   72]
 [1280   36]
 [1290   18]
 [1300   21]
 [1310   31]
 [1320   89]
 [1330   17]
 [1340   41]
 [1350   59]
 [1360   59]
 [1370   93]
 [1380   82]
 [1390   27]
 [1400   81]
 [1410   72]
 [1420   20]
 [1430   50]
 [1440   80]
 [1450   27]
 [1460   91]
 [1470   46]
 [1480   92]
 [1490   89]
 [1500   18]
 [1510   37]
 [1520   70]
 [1530   90]
 [1540   35]
 [1550   44]
 [1560   23]
 [1570   89]
 [1580   91]
 [1590   27]
 [1600   85]
 [1610   20]
 [1620   28]
 [1630   25]
 [1640   90]
 [1650   89]
 [1660   67]
 [1670   28]
 [1680   28]
 [1690   24]
 [1700   18]
 [1710   34]
 [1720   62]
 [1730   26]
 [1740   24]
 [1750   25]
 [1760   52]
 [1770   20]
 [1780   23]
 [1790   15]
 [1800   61]
 [1810   16]
 [1820   84]
 [1830   16]
 [1840   88]
 [1850   55]
 [1860   70]
 [1870   88]
 [1880   90]
 [1890   89]
 [1900   39]
 [1910   87]
 [1920   19]
 [1930   90]
 [1940   70]
 [1950   89]
 [1960   91]
 [1970   55]
 [1980   88]
 [1990   27]
 [2000   61]]