Env: CartPole-v1
Agent: DeepQLearningAgent
Settings:
	nrOfBatches = 200
	trainingsPerBatch = 10
	runsPerEvaluation = 100
	
        self.obervationSpaceShape = env.observation_space.shape[0]
        self.actionSpaceShape = env.action_space.n
        self.nnDenseLayersSettings = [[24, "relu"]]
        self.explorationRate = 1.0
        self.explorationFinalValue = 0.001
        self.explorationDiscountFactor = 0.99999
        self.gamma = 0.95
        self.learningRate = 0.001
        self.bufferSize = 1000000
        self.buffer = deque(maxlen=self.bufferSize)
        self.batchSize = 10
        self.model = self.makeNeuralNet()[[  10    9]
 [  20    9]
 [  30    9]
 [  40    9]
 [  50    9]
 [  60   10]
 [  70    9]
 [  80   23]
 [  90   15]
 [ 100    9]
 [ 110   14]
 [ 120    9]
 [ 130   19]
 [ 140  160]
 [ 150  173]
 [ 160  335]
 [ 170  200]
 [ 180  334]
 [ 190  184]
 [ 200  154]
 [ 210  297]
 [ 220  330]
 [ 230  208]
 [ 240  253]
 [ 250  373]
 [ 260  299]
 [ 270  327]
 [ 280  157]
 [ 290  196]
 [ 300  401]
 [ 310  256]
 [ 320  125]
 [ 330  194]
 [ 340  179]
 [ 350  128]
 [ 360  347]
 [ 370  116]
 [ 380  252]
 [ 390  115]
 [ 400  155]
 [ 410  144]
 [ 420  176]
 [ 430  464]
 [ 440  257]
 [ 450   98]
 [ 460  102]
 [ 470  109]
 [ 480  140]
 [ 490  122]
 [ 500   14]
 [ 510  110]
 [ 520  117]
 [ 530  500]
 [ 540   50]
 [ 550  110]
 [ 560   97]
 [ 570   98]
 [ 580  203]
 [ 590   16]
 [ 600   15]
 [ 610  122]
 [ 620  111]
 [ 630   14]
 [ 640   19]
 [ 650   15]
 [ 660  141]
 [ 670   21]
 [ 680  167]
 [ 690   97]
 [ 700  190]
 [ 710   95]
 [ 720   98]
 [ 730  178]
 [ 740  479]
 [ 750  153]
 [ 760  283]
 [ 770  499]
 [ 780  357]
 [ 790   14]
 [ 800   68]
 [ 810  423]
 [ 820   83]
 [ 830  113]
 [ 840  181]
 [ 850  119]
 [ 860  174]
 [ 870  101]
 [ 880  499]
 [ 890  156]
 [ 900  113]
 [ 910   36]
 [ 920  500]
 [ 930  324]
 [ 940  500]
 [ 950   95]
 [ 960  132]
 [ 970   84]
 [ 980   81]
 [ 990  103]
 [1000  127]
 [1010   89]
 [1020  500]
 [1030   17]
 [1040  102]
 [1050   99]
 [1060   99]
 [1070   46]
 [1080  315]
 [1090   98]
 [1100  169]
 [1110  236]
 [1120  500]
 [1130   63]
 [1140   51]
 [1150   20]
 [1160   55]
 [1170   87]
 [1180  500]
 [1190  114]
 [1200   54]
 [1210   12]
 [1220   51]
 [1230   87]
 [1240  495]
 [1250  101]
 [1260  500]
 [1270   19]
 [1280   11]
 [1290   12]
 [1300  117]
 [1310  453]
 [1320  326]
 [1330  118]
 [1340  163]
 [1350  357]
 [1360   98]
 [1370   83]
 [1380   93]
 [1390   48]
 [1400   36]
 [1410  167]
 [1420   18]
 [1430   95]
 [1440   76]
 [1450  341]
 [1460  259]
 [1470  197]
 [1480  108]
 [1490   68]
 [1500   13]
 [1510   11]
 [1520   12]
 [1530   12]
 [1540   15]
 [1550   16]
 [1560   35]
 [1570   31]
 [1580  155]
 [1590   93]
 [1600  243]
 [1610  129]
 [1620   91]
 [1630  466]
 [1640  311]
 [1650  107]
 [1660   89]
 [1670   19]
 [1680   13]
 [1690   32]
 [1700   18]
 [1710  142]
 [1720  174]
 [1730   37]
 [1740  474]
 [1750   18]
 [1760  496]
 [1770  167]
 [1780   17]
 [1790   14]
 [1800   46]
 [1810  500]
 [1820   16]
 [1830   50]
 [1840  374]
 [1850  179]
 [1860  207]
 [1870  146]
 [1880   21]
 [1890   29]
 [1900   39]
 [1910    9]
 [1920   18]
 [1930   12]
 [1940   30]
 [1950    9]
 [1960    9]
 [1970    9]
 [1980    9]
 [1990    9]
 [2000    9]]