Env: CartPole-v1
Agent: DeepQLearningAgent
Settings:
	nrOfBatches = 200
	trainingsPerBatch = 10
	runsPerEvaluation = 100
	
    self.obervationSpaceShape = env.observation_space.shape[0]
    self.actionSpaceShape = env.action_space.n
    self.nnDenseLayersSettings = [[16, "relu"],
                                  [16, "relu"],
                                  [16, "relu"]]
    self.explorationRate = 0.9
    self.explorationFinalValue = 0.05
    self.explorationDiscountFactor = 0.999
    self.gamma = 0.95
    self.learningRate = 0.005
    self.bufferSize = 5000000
    self.buffer = deque(maxlen=self.bufferSize)
    self.batchSize = 20
    self.model = self.makeNeuralNet()
Final Results: [nr of training runs, average score]
	[[  10    9]
	 [  20   10]
	 [  30    9]
	 [  40   16]
	 [  50    9]
	 [  60  107]
	 [  70  148]
	 [  80    9]
	 [  90    9]
	 [ 100    9]
	 [ 110    9]
	 [ 120    9]
	 [ 130    9]
	 [ 140    9]
	 [ 150    9]
	 [ 160    9]
	 [ 170   49]
	 [ 180   25]
	 [ 190   13]
	 [ 200   12]
	 [ 210   12]
	 [ 220   12]
	 [ 230   12]
	 [ 240  153]
	 [ 250   55]
	 [ 260   13]
	 [ 270   14]
	 [ 280    9]
	 [ 290    9]
	 [ 300    9]
	 [ 310   12]
	 [ 320   15]
	 [ 330  210]
	 [ 340   19]
	 [ 350   56]
	 [ 360   11]
	 [ 370   10]
	 [ 380   19]
	 [ 390    9]
	 [ 400    9]
	 [ 410    9]
	 [ 420    9]
	 [ 430    9]
	 [ 440    9]
	 [ 450  160]
	 [ 460  245]
	 [ 470   13]
	 [ 480   16]
	 [ 490   17]
	 [ 500    9]
	 [ 510    9]
	 [ 520    9]
	 [ 530    9]
	 [ 540    9]
	 [ 550   18]
	 [ 560    9]
	 [ 570   31]
	 [ 580    9]
	 [ 590    9]
	 [ 600   10]
	 [ 610   10]
	 [ 620   12]
	 [ 630  267]
	 [ 640    9]
	 [ 650   33]
	 [ 660    9]
	 [ 670    9]
	 [ 680    9]
	 [ 690    9]
	 [ 700    9]
	 [ 710    9]
	 [ 720    9]
	 [ 730   15]
	 [ 740  437]
	 [ 750   11]
	 [ 760   14]
	 [ 770   14]
	 [ 780   12]
	 [ 790   12]
	 [ 800   12]
	 [ 810   10]
	 [ 820    9]
	 [ 830    9]
	 [ 840    9]
	 [ 850    9]
	 [ 860    9]
	 [ 870    9]
	 [ 880   22]
	 [ 890    9]
	 [ 900    9]
	 [ 910    9]
	 [ 920    9]
	 [ 930    9]
	 [ 940    9]
	 [ 950    9]
	 [ 960    9]
	 [ 970    9]
	 [ 980    9]
	 [ 990    9]
	 [1000    9]
	 [1010    9]
	 [1020    9]
	 [1030    9]
	 [1040    9]
	 [1050    9]
	 [1060    9]
	 [1070    9]
	 [1080    9]
	 [1090    9]
	 [1100    9]
	 [1110    9]
	 [1120    9]
	 [1130    9]
	 [1140    9]
	 [1150    9]
	 [1160    9]
	 [1170    9]
	 [1180    9]
	 [1190    9]
	 [1200    9]
	 [1210    9]
	 [1220    9]
	 [1230    9]
	 [1240    9]
	 [1250    9]
	 [1260    9]
	 [1270    9]
	 [1280    9]
	 [1290    9]
	 [1300    9]
	 [1310    9]
	 [1320    9]
	 [1330    9]
	 [1340    9]
	 [1350    9]
	 [1360    9]
	 [1370    9]
	 [1380    9]
	 [1390    9]
	 [1400    9]
	 [1410    9]
	 [1420    9]
	 [1430    9]
	 [1440    9]
	 [1450    9]
	 [1460    9]
	 [1470    9]
	 [1480    9]
	 [1490    9]
	 [1500    9]
	 [1510    9]
	 [1520    9]
	 [1530    9]
	 [1540    9]
	 [1550    9]
	 [1560    9]
	 [1570    9]
	 [1580    9]
	 [1590    9]
	 [1600    9]
	 [1610    9]
	 [1620    9]
	 [1630    9]
	 [1640    9]
	 [1650    9]
	 [1660    9]
	 [1670    9]
	 [1680    9]
	 [1690    9]
	 [1700    9]
	 [1710    9]
	 [1720    9]
	 [1730    9]
	 [1740    9]
	 [1750    9]
	 [1760    9]
	 [1770    9]
	 [1780    9]
	 [1790    9]
	 [1800    9]
	 [1810    9]
	 [1820    9]
	 [1830    9]
	 [1840    9]
	 [1850    9]
	 [1860    9]
	 [1870    9]
	 [1880    9]
	 [1890    9]
	 [1900    9]
	 [1910    9]
	 [1920    9]
	 [1930    9]
	 [1940    9]
	 [1950    9]
	 [1960    9]
	 [1970    9]
	 [1980    9]
	 [1990    9]
	 [2000    9]]